0.226619 3196.51 0.904138
0.249281 3936.79 0.900001
0.274209 4886.94 0.894886
0.30163 6084.06 0.889243
0.331793 7572.85 0.883385
0.364972 9406.99 0.877528
0.401469 11645.5 0.871877
0.441616 14372 0.866432
0.485778 17670.4 0.861326
0.534355 21641.3 0.856624
0.587791 26401.9 0.852374
0.64657 32086.8 0.848607
0.711227 38851 0.845345
0.78235 46871.7 0.842604
0.860585 56351.7 0.840387
0.946643 67523.6 0.838693
1.04131 80653.1 0.837509
1.14544 96044.1 0.836821
1.25998 114044 0.836605
1.38598 135050 0.836837
1.52458 159516 0.837487
1.67704 187963 0.838523
1.84474 220985 0.839912
2.02921 259262 0.84162
2.23213 303574 0.843613
2.45535 354811 0.845856
2.70088 413992 0.848319
2.97097 482283 0.850971
3.26807 561017 0.853782
3.59488 651720 0.856725
3.95436 756134 0.859775
4.3498 876249 0.86291
4.78478 1.01434e+06 0.866108
5.26326 1.17299e+06 0.869352
5.78958 1.35517e+06 0.872625
6.36854 1.56425e+06 0.875911
7.00539 1.80407e+06 0.879198
7.70593 2.07901e+06 0.882475
8.47653 2.39404e+06 0.885732
9.32418 2.75483e+06 0.888959
10.2566 3.16782e+06 0.89215
11.2823 3.6403e+06 0.895299
12.4105 4.18057e+06 0.8984
13.6515 4.79802e+06 0.901448
15.0167 5.5033e+06 0.904441
16.5184 6.30844e+06 0.907374
18.1702 7.22706e+06 0.910246
19.9872 8.27454e+06 0.913054
21.9859 9.46824e+06 0.915798
24.1845 1.08277e+07 0.918475
26.603 1.23749e+07 0.921086
29.2633 1.41347e+07 0.92363
32.1896 1.61348e+07 0.926106
35.4086 1.84063e+07 0.928514
38.9494 2.09843e+07 0.930856
42.8444 2.39077e+07 0.93313
47.1288 2.72202e+07 0.935338
51.8417 3.09702e+07 0.937481
57.0258 3.52121e+07 0.939559
62.7284 4.00058e+07 0.941572
69.0013 4.54182e+07 0.943523
75.9014 5.15229e+07 0.945411
83.4915 5.84017e+07 0.947238
91.8407 6.61445e+07 0.949005
101.025 7.48505e+07 0.950714
111.127 8.46285e+07 0.952364
122.24 9.55977e+07 0.953959
134.464 1.07889e+08 0.955498
147.91 1.21644e+08 0.956983
162.701 1.37019e+08 0.958416
178.972 1.54182e+08 0.959797
196.869 1.73315e+08 0.961129
216.556 1.94617e+08 0.962412
