0.226619 68.5862 0 68.5862
0.231151 76.8376 0.535115 62.3282
0.235774 80.6839 0.773069 59.8502
0.24049 83.8479 0.966071 57.9722
0.245299 86.6884 1.13791 56.397
0.250205 89.3372 1.29752 55.0102
0.25521 91.8603 1.44935 53.7542
0.260314 94.2968 1.59606 52.5946
0.26552 96.6724 1.7394 51.5093
0.27083 99.0038 1.88054 50.4832
0.276247 101.304 2.02039 49.5051
0.281772 103.584 2.1596 48.5676
0.287407 105.85 2.29873 47.6639
0.293156 108.109 2.43818 46.7897
0.299019 110.368 2.57839 45.9409
0.304999 112.629 2.71964 45.1146
0.311099 114.897 2.8622 44.3077
0.317321 117.177 3.00638 43.5192
0.323667 119.471 3.15236 42.7469
0.330141 121.781 3.30037 41.989
0.336744 124.112 3.45059 41.2453
0.343478 126.465 3.60326 40.5142
0.350348 128.842 3.7585 39.795
0.357355 131.246 3.91648 39.0872
0.364502 133.68 4.07744 38.3899
0.371792 136.145 4.24146 37.7032
0.379228 138.667 4.40988 37.0269
0.386813 141.216 4.58129 36.3604
0.394549 143.793 4.75595 35.7027
0.40244 146.406 4.93415 35.0541
0.410489 149.056 5.11613 34.4147
0.418698 151.747 5.30212 33.7836
0.427072 154.48 5.49221 33.1612
0.435614 157.256 5.68657 32.5471
0.444326 160.079 5.88542 31.9417
0.453213 162.948 6.08886 31.3449
0.462277 165.864 6.29703 30.7562
0.471522 168.831 6.51017 30.1753
0.480953 171.849 6.72838 29.6032
0.490572 174.919 6.95182 29.04
0.500383 178.042 7.18065 28.4846
0.510391 181.22 7.41511 27.937
0.520599 184.455 7.65529 27.3981
0.531011 187.746 7.90135 26.8678
0.541631 191.096 8.15353 26.3459
0.552464 194.506 8.412 25.8321
0.563513 197.976 8.6769 25.3263
0.574783 201.508 8.94842 24.8292
0.586279 205.104 9.2268 24.34
0.598004 208.763 9.51219 23.8589
0.609964 212.487 9.80476 23.3864
0.622164 216.277 10.1048 22.9216
0.634607 220.135 10.4124 22.4655
0.647299 224.061 10.7279 22.017
0.660245 228.057 11.0514 21.5777
0.67345 232.122 11.3832 21.1451
0.686919 236.259 11.7235 20.7212
0.700657 240.468 12.0725 20.3046
0.714671 244.751 12.4305 19.8966
0.728964 249.108 12.7976 19.4954
0.743543 253.54 13.1743 19.1024
0.758414 258.049 13.5606 18.7173
0.773582 262.635 13.9569 18.339
0.789054 267.3 14.3634 17.9685
0.804835 272.044 14.7804 17.6054
0.820932 276.869 15.2082 17.2495
0.837351 281.775 15.6471 16.901
0.854098 286.763 16.0973 16.5592
0.871179 291.836 16.5592 16.2248
0.888603 296.992 17.0331 15.8963
0.906375 302.235 17.5192 15.5758
0.924503 307.564 18.018 15.2607
0.942993 312.981 18.5297 14.9535
0.961853 318.486 19.0547 14.6517
0.98109 324.082 19.5934 14.3563
1.00071 329.769 20.146 14.0679
1.02073 335.547 20.713 13.7847
1.04114 341.42 21.2947 13.5081
1.06196 347.386 21.8915 13.2364
1.0832 353.448 22.5039 12.9718
1.10487 359.607 23.1321 12.7117
1.12696 365.864 23.7768 12.4583
1.1495 372.22 24.4381 12.21
1.17249 378.676 25.1167 11.967
1.19594 385.234 25.813 11.7286
1.21986 391.895 26.5273 11.496
1.24426 398.66 27.2602 11.2684
1.26914 405.53 28.0122 11.0453
1.29453 412.507 28.7838 10.8277
1.32042 419.592 29.5754 10.6139
1.34683 426.787 30.3876 10.4052
1.37376 434.093 31.221 10.2018
1.40124 441.51 32.076 10.0018
1.42926 449.041 32.9532 9.80663
1.45785 456.688 33.8533 9.61541
1.487 464.45 34.7768 9.42833
1.51674 472.331 35.7242 9.24556
1.54708 480.331 36.6963 9.06642
1.57802 488.452 37.6937 8.8911
1.60958 496.696 38.7169 8.72059
1.64177 505.064 39.7668 8.55235
1.67461 513.558 40.8439 8.3885
1.7081 522.178 41.949 8.22811
1.74226 530.928 43.0828 8.07143
1.77711 539.809 44.246 7.91772
1.81265 548.822 45.4394 7.76711
1.8489 557.969 46.6638 7.62065
1.88588 567.252 47.9199 7.47669
1.9236 576.672 49.2086 7.33541
1.96207 586.232 50.5306 7.19773
2.00131 595.933 51.887 7.06302
2.04134 605.777 53.2785 6.9305
2.08217 615.766 54.706 6.8021
2.12381 625.902 56.1704 6.67512
2.16628 636.187 57.6728 6.55172
2.20961 646.622 59.2141 6.43006
2.2538 657.21 60.7951 6.31116
2.29888 667.953 62.4171 6.19528
2.34486 678.853 64.081 6.08162
2.39175 689.911 65.7878 5.97009
2.43959 701.13 67.5387 5.86102
2.48838 712.513 69.3348 5.75456
2.53815 724.061 71.1772 5.65068
2.58891 735.776 73.0671 5.54765
2.64069 747.662 75.0058 5.44758
2.6935 759.719 76.9944 5.34958
2.74737 771.95 79.0342 5.25369
2.80232 784.358 81.1265 5.15917
2.85837 796.945 83.2727 5.06713
2.91553 809.712 85.474 4.97654
2.97384 822.664 87.7319 4.88765
3.03332 835.803 90.0478 4.80159
3.09399 849.129 92.4232 4.71634
3.15587 862.646 94.8595 4.63311
3.21899 876.358 97.3583 4.55105
3.28336 890.265 99.9212 4.47117
3.34903 904.372 102.55 4.39357
3.41601 918.68 105.246 4.31645
3.48433 933.192 108.011 4.24089
3.55402 947.911 110.846 4.16688
3.6251 962.84 113.754 4.09465
3.6976 977.982 116.737 4.02427
3.77155 993.339 119.795 3.95473
3.84699 1008.91 122.932 3.88625
3.92392 1024.71 126.149 3.81994
4.0024 1040.73 129.447 3.75473
4.08245 1056.98 132.83 3.68985
4.1641 1073.45 136.299 3.62738
4.24738 1090.16 139.856 3.56536
4.33233 1107.11 143.504 3.50487
4.41898 1124.29 147.244 3.44507
4.50736 1141.72 151.079 3.38697
4.5975 1159.4 155.012 3.32966
4.68945 1177.32 159.045 3.27424
4.78324 1195.49 163.18 3.21883
4.87891 1213.92 167.419 3.16541
4.97649 1232.61 171.766 3.11215
5.07602 1251.56 176.223 3.06011
5.17754 1270.78 180.793 3.0093
5.28109 1290.27 185.478 2.95888
5.38671 1310.03 190.282 2.90991
5.49444 1330.06 195.207 2.86237
5.60433 1350.38 200.256 2.81446
5.71642 1370.98 205.433 2.7682
5.83075 1391.86 210.74 2.72262
5.94736 1413.04 216.18 2.67784
6.06631 1434.51 221.758 2.63393
6.18763 1456.28 227.476 2.59091
6.31139 1478.36 233.337 2.54889
6.43761 1500.74 239.346 2.50694
6.56637 1523.43 245.505 2.46608
6.69769 1546.44 251.82 2.42642
6.83165 1569.76 258.292 2.38701
6.96828 1593.41 264.926 2.34889
7.10765 1617.39 271.727 2.31116
7.2498 1641.7 278.698 2.27387
7.3948 1666.34 285.843 2.23706
7.54269 1691.32 293.166 2.20082
7.69355 1716.65 300.673 2.16618
7.84742 1742.32 308.366 2.13121
8.00436 1768.35 316.252 2.09698
8.16445 1794.74 324.334 2.06354
8.32774 1821.49 332.617 2.03093
8.4943 1848.61 341.106 1.99824
8.66418 1876.1 349.807 1.9665
8.83747 1903.96 358.723 1.93574
9.01421 1932.21 367.861 1.90509
9.1945 1960.85 377.226 1.87455
9.37839 1989.87 386.823 1.84515
9.56596 2019.29 396.658 1.81602
9.75728 2049.12 406.736 1.78812
9.95242 2079.34 417.063 1.75957
10.1515 2109.99 427.646 1.7324
10.3545 2141.04 438.491 1.70465
10.5616 2172.52 449.603 1.67837
10.7728 2204.43 460.989 1.65166
10.9883 2236.77 472.656 1.62645
11.208 2269.55 484.611 1.60093
11.4322 2302.77 496.86 1.57608
11.6608 2336.44 509.409 1.55187
11.8941 2370.57 522.268 1.52752
12.1319 2405.15 535.443 1.50396
12.3746 2440.2 548.94 1.4802
12.6221 2475.73 562.769 1.45741
12.8745 2511.73 576.937 1.43554
13.132 2548.22 591.452 1.4136
13.3946 2585.2 606.322 1.39179
13.6625 2622.67 621.556 1.37002
13.9358 2660.64 637.162 1.34932
14.2145 2699.13 653.149 1.32788
14.4988 2738.13 669.526 1.30755
14.7888 2777.64 686.302 1.28751
15.0846 2817.69 703.487 1.26876
15.3862 2858.27 721.09 1.24925
15.694 2899.39 739.122 1.23022
16.0078 2941.06 757.592 1.21157
16.328 2983.28 776.51 1.19229
16.6546 3026.06 795.888 1.17459
16.9877 3069.41 815.735 1.15635
17.3274 3113.33 836.063 1.13867
17.674 3157.83 856.884 1.12164
18.0274 3202.92 878.207 1.10511
18.388 3248.6 900.046 1.08838
18.7557 3294.89 922.413 1.07134
19.1309 3341.78 945.319 1.05593
19.5135 3389.3 968.778 1.03945
19.9037 3437.43 992.801 1.02366
20.3018 3486.2 1017.4 1.00875
20.7079 3535.6 1042.6 0.993763
21.122 3585.65 1068.39 0.978563
21.5445 3636.35 1094.81 0.963469
21.9753 3687.72 1121.87 0.949244
22.4148 3739.75 1149.57 0.935038
22.8631 3792.46 1177.93 0.920952
23.3204 3845.85 1206.97 0.906796
23.7868 3899.94 1236.71 0.893882
24.2626 3954.73 1267.16 0.880036
24.7478 4010.23 1298.33 0.867338
25.2428 4066.44 1330.25 0.853927
25.7476 4123.37 1362.92 0.841583
26.2626 4181.05 1396.38 0.828662
26.7878 4239.46 1430.63 0.816901
27.3236 4298.62 1465.69 0.804501
27.87 4358.55 1501.59 0.792491
28.4274 4419.23 1538.33 0.780703
28.996 4480.7 1575.95 0.768501
29.5759 4542.94 1614.46 0.757545
30.1674 4605.99 1653.88 0.746156
30.7708 4669.83 1694.23 0.735196
31.3862 4734.48 1735.53 0.724695
32.0139 4799.96 1777.81 0.71384
32.6542 4866.26 1821.08 0.703379
33.3073 4933.4 1865.37 0.692667
33.9734 5001.39 1910.7 0.682407
34.6529 5070.24 1957.1 0.671891
35.346 5139.94 2004.58 0.661954
36.0529 5210.53 2053.18 0.652687
36.7739 5282 2102.92 0.643184
37.5094 5354.36 2153.82 0.633301
38.2596 5427.64 2205.91 0.624292
39.0248 5501.81 2259.21 0.614913
39.8053 5576.92 2313.76 0.605468
40.6014 5652.95 2369.58 0.596687
41.4134 5729.94 2426.7 0.587855
42.2417 5807.87 2485.14 0.579782
43.0865 5886.76 2544.95 0.570657
43.9483 5966.63 2606.14 0.562392
44.8272 6047.48 2668.74 0.554049
45.7238 6129.32 2732.8 0.545668
46.6382 6212.17 2798.34 0.538179
47.571 6296.03 2865.39 0.529752
48.5224 6380.91 2933.99 0.522246
49.4929 6466.83 3004.17 0.51482
50.4827 6553.79 3075.97 0.50735
51.4924 6641.81 3149.41 0.500018
52.5222 6730.89 3224.55 0.49268
53.5727 6821.05 3301.4 0.485498
54.6441 6912.29 3380.02 0.478359
55.737 7004.63 3460.44 0.470432
56.8518 7098.08 3542.69 0.463558
57.9888 7192.65 3626.83 0.456901
59.1486 7288.35 3712.88 0.450373
60.3315 7385.19 3800.9 0.444066
61.5382 7483.18 3890.91 0.436961
62.7689 7582.33 3982.97 0.431075
64.0243 7682.66 4077.12 0.424447
65.3048 7784.17 4173.41 0.418074
66.6109 7886.88 4271.87 0.41197
67.9431 7990.79 4372.56 0.406151
69.302 8095.93 4475.53 0.400622
70.688 8202.29 4580.82 0.394433
72.1018 8309.89 4688.48 0.388582
73.5438 8418.75 4798.56 0.383058
75.0147 8528.87 4911.11 0.376921
76.515 8640.27 5026.19 0.372145
78.0453 8752.95 5143.85 0.365766
79.6062 8866.93 5264.14 0.360791
81.1983 8982.22 5387.12 0.35523
82.8223 9098.83 5512.85 0.350111
84.4787 9216.78 5641.38 0.345424
86.1683 9336.06 5772.76 0.340173
87.8917 9456.71 5907.08 0.335458
89.6495 9578.72 6044.37 0.330166
91.4425 9702.11 6184.71 0.325437
93.2713 9826.89 6328.15 0.320187
95.1368 9953.07 6474.76 0.315439
97.0395 10080.7 6624.61 0.31126
98.9803 10209.7 6777.76 0.306566
100.96 10340.2 6934.29 0.302506
102.979 10472.1 7094.26 0.29798
105.039 10605.4 7257.73 0.293023
107.139 10740.3 7424.8 0.288726
109.282 10876.6 7595.51 0.28493
111.468 11014.5 7769.96 0.280816
113.697 11153.8 7948.22 0.276371
115.971 11294.7 8130.35 0.272467
118.291 11437.1 8316.46 0.268302
120.656 11581 8506.61 0.263799
123.07 11726.5 8700.88 0.259888
125.531 11873.5 8899.36 0.256736
128.042 12022.2 9102.14 0.252266
130.602 12172.4 9309.28 0.248454
133.214 12324.3 9520.91 0.245392
135.879 12477.7 9737.09 0.241073
138.596 12632.8 9957.9 0.237436
141.368 12789.5 10183.5 0.234565
144.196 12947.9 10413.9 0.230509
147.079 13107.9 10649.2 0.227124
150.021 13269.6 10889.5 0.223575
153.022 13433 11135 0.220795
156.082 13598.1 11385.7 0.216832
159.204 13764.9 11641.8 0.213623
162.388 13933.4 11903.2 0.211239
165.635 14103.7 12170.3 0.207727
168.948 14275.7 12442.9 0.204018
172.327 14449.5 12721.3 0.201125
175.774 14625 13005.6 0.1981
179.289 14802.3 13295.9 0.194956
182.875 14981.4 13592.3 0.192608
186.532 15162.3 13894.9 0.189238
190.263 15345.1 14203.9 0.186672
194.068 15529.6 14519.3 0.184012
197.95 15716 14841.3 0.181289
201.909 15904.3 15170 0.178472
205.947 16094.4 15505.6 0.175574
210.066 16286.3 15848.1 0.172606
214.267 16480.2 16197.7 0.1705
218.552 16676 16554.6 0.167495
222.923 16873.7 16918.9 0.16533
227.382 17073.2 17290.7 0.162169
231.93 17274.8 17670.1 0.159914
236.568 17478.2 18057.3 0.157647
241.299 17683.7 18452.6 0.154473
246.125 17891 18855.9 0.152233
251.048 18100.4 19267.5 0.14997
256.069 18311.8 19687.4 0.147692
261.19 18525.1 20116 0.145463
266.414 18740.5 20553.3 0.143252
271.742 18957.8 20999.5 0.141062
277.177 19177.3 21454.7 0.13889
282.721 19398.7 21919.2 0.136798
288.375 19622.3 22393.1 0.13384
294.143 19847.9 22876.5 0.131857
300.026 20075.5 23369.7 0.129905
306.026 20305.3 23872.8 0.128054
312.147 20537.1 24386.1 0.1253
318.39 20771.1 24909.6 0.123617
324.757 21007.2 25443.6 0.121991
331.252 21245.4 25988.3 0.119528
337.878 21485.8 26543.9 0.118155
344.635 21728.3 27110.6 0.115889
351.528 21973 27688.6 0.113765
358.558 22219.9 28278 0.11171
365.73 22469 28879.1 0.109877
373.044 22720.3 29492.2 0.108051
380.505 22973.8 30117.3 0.106458
388.115 23229.5 30754.8 0.104953
395.877 23487.4 31404.9 0.102647
403.795 23747.6 32067.8 0.101401
411.871 24010.1 32743.7 0.0994415
420.108 24274.8 33432.8 0.0976626
428.51 24541.8 34135.5 0.0959858
437.081 24811.1 34851.9 0.0944949
445.822 25082.8 35582.3 0.0923112
454.739 25356.7 36326.9 0.0911198
463.833 25632.9 37086 0.0892397
473.11 25911.5 37859.9 0.0875618
482.572 26192.5 38648.8 0.0859925
492.224 26475.8 39453 0.0847287
502.068 26761.5 40272.7 0.083478
512.11 27049.6 41108.3 0.0816452
522.352 27340 41960 0.0800311
532.799 27632.9 42828 0.0785352
543.455 27928.2 43712.8 0.0772621
554.324 28225.9 44614.6 0.0753249
565.41 28526.1 45533.7 0.07451
576.719 28828.8 46470.4 0.073037
588.253 29133.9 47425 0.0716844
600.018 29441.5 48397.9 0.0696632
612.018 29751.6 49389.2 0.068773
624.259 30064.2 50399.5 0.0672277
636.744 30379.3 51428.9 0.0659251
649.479 30697 52478 0.0647405
662.468 31017.2 53546.9 0.0630291
675.718 31339.9 54636 0.062331
689.232 31665.3 55745.8 0.0609833
703.017 31993.2 56876.6 0.0589804
717.077 32323.7 58028.7 0.0581356
731.419 32656.9 59202.4 0.0566352
746.047 32992.6 60398.2 0.055232
760.968 33331 61616.6 0.0542478
776.187 33672.1 62857.9 0.0533747
791.711 34015.8 64122.4 0.051839
807.545 34362.2 65410.5 0.0505513
823.696 34711.3 66722.7 0.0495298
840.17 35063.1 68059.6 0.0486201
856.974 35417.7 69421.4 0.0472089
874.113 35775 70808.4 0.0458771
891.595 36135 72221.3 0.0449943
909.427 36497.8 73660.6 0.0440355
927.616 36863.4 75126.6 0.0425733
946.168 37231.8 76619.6 0.0413755
965.091 37603 78140.5 0.0404613
984.393 37977.1 79689.6 0.0396295
1004.08 38354 81267.2 0.0381033
1024.16 38733.7 82874 0.0376117
1044.65 39116.4 84510.6 0.0366468
1065.54 39501.9 86177.2 0.0349793
1086.85 39890.4 87874.5 0.0343536
1108.59 40281.8 89603.2 0.0330344
1130.76 40676.1 91363.6 0.0319887
1153.37 41073.4 93156.4 0.031002
1176.44 41473.7 94982.1 0.0302991
1199.97 41877 96841.2 0.0291219
1223.97 42283.3 98734.5 0.027996
1248.45 42692.7 100662 0.026912
1273.42 43105.1 102626 0.0261203
1298.89 43520.5 104625 0.0253625
1324.86 43939.1 106660 0.0241371
1351.36 44360.8 108733 0.0237142
1378.39 44785.6 110843 0.0225427
1405.96 45213.6 112992 0.0216749
1434.08 45644.7 115180 0.0203285
1462.76 46079.1 117408 0.0195035
1492.01 46516.6 119677 0.018492
1521.85 46957.4 121986 0.0175069
1552.29 47401.4 124338 0.0170157
1583.33 47848.7 126732 0.0160487
1615 48299.3 129170 0.0146112
1647.3 48753.2 131651 0.013975
1680.25 49210.5 134178 0.0133518
1713.85 49671.1 136750 0.0122514
1748.13 50135.1 139369 0.0111592
1783.09 50602.5 142035 0.0105206
1818.75 51073.4 144750 0.00977566
1855.13 51547.6 147513 0.00865474
1892.23 52025.4 150327 0.00790042
1930.08 52506.6 153190 0.00713538
1968.68 52991.4 156106 0.00590611
2008.05 53479.7 159074 0.00511989
2048.21 53971.6 162096 0.00431979
2089.18 54467.1 165171 0.00391865
2130.96 54966.2 168302 0.00263391
2173.58 55468.9 171490 0.00178091
2217.05 55975.4 174735 0.000894177
2261.39 56485.5 178038 0
